File copy and stdout ok
Args passed to python script
Tmax 10.0 (h)
Nmodes 2
Nmes 5000
Nint 8000
Use Loss Modes : False
Use both equations : True
Multigrid : True
Ngrid : 5
Ngrid Turn : 200
STD Noise : 0.00e+00
Neurons per layer and per mode : 25
Sparse Data : True
Data location : cylinder_pitot
Desync Sparse Data : False
Sampling of V_in : 2zones
L-BFGS-B optimizer declared with maxit = 10000, maxfun = 10000, ftol = 2.22e-16
Adam optimize declared with learning rate = 1.00e-05
GPU use before loading data
| ID | GPU | MEM |
------------------
|  0 |  0% | 95% |
Loading Sparse Data on cylinder and pitot probes
Generating 8000 points for equations penalization
Method = 2zones
Generating 8000 points for equations penalization
Method = 2zones
Generating 8000 points for equations penalization
Method = 2zones
Generating 8000 points for equations penalization
Method = 2zones
Generating 8000 points for equations penalization
Method = 2zones
Simulation data reading...
Reading flow...
0.103
0.103
0.104
0.104
0.104
0.104
0.104
0.105
0.105
0.105
0.105
0.106
0.106
0.106
0.106
0.107
0.107
0.107
0.107
0.107
0.108
0.108
0.108
0.108
0.109
0.109
0.109
0.109
0.109
0.110
0.110
0.110
0.110
0.111
0.111
0.111
0.111
0.112
0.112
0.112
0.112
0.112
0.113
0.113
0.113
0.113
0.114
0.114
0.114
0.114
0.115
0.115
0.115
0.115
0.115
0.116
0.116
0.116
0.116
0.117
0.117
0.117
0.117
0.117
0.118
0.118
0.118
0.118
0.119
0.119
0.119
0.119
0.120
0.120
0.120
0.120
0.120
0.121
0.121
0.121
0.121
0.122
0.122
0.122
0.122
0.123
0.123
0.123
0.123
0.123
0.124
0.124
0.124
0.124
0.125
0.125
0.125
0.125
0.125
0.126
0.126
0.126
0.126
0.127
0.127
0.127
0.127
0.128
0.128
0.128
0.128
0.128
0.129
0.129
0.129
0.129
0.130
0.130
0.130
0.130
0.131
0.131
0.131
0.131
0.131
0.132
0.132
0.132
0.132
0.133
0.133
0.133
0.133
0.133
0.134
0.134
0.134
0.134
0.135
0.135
0.135
0.135
0.136
0.136
0.136
0.136
0.136
0.137
0.137
0.137
0.137
0.138
0.138
0.138
0.138
0.139
0.139
0.139
0.139
0.139
0.140
0.140
0.140
0.140
0.141
0.141
0.141
0.141
0.141
0.142
0.142
0.142
0.142
0.143
0.143
0.143
0.143
0.144
0.144
0.144
0.144
0.144
0.145
0.145
0.145
0.145
0.146
0.146
0.146
0.146
0.147
0.147
0.147
0.147
0.147
0.148
0.148
0.148
0.148
0.149
0.149
0.149
0.149
0.149
0.150
0.150
0.150
0.150
0.151
0.151
0.151
0.151
0.152
0.152
0.152
0.152
0.152
0.153
0.153
0.153
0.153
0.154
0.154
0.154
0.154
0.155
0.155
0.155
0.155
0.155
0.156
0.156
0.156
0.156
0.157
0.157
0.157
0.157
0.157
0.158
0.158
0.158
0.158
0.159
0.159
0.159
0.159
0.160
0.160
0.160
0.160
0.160
0.161
0.161
0.161
0.161
0.162
0.162
0.162
0.162
0.163
0.163
0.163
0.163
0.163
0.164
0.164
0.164
0.164
0.165
0.165
0.165
0.165
0.165
0.166
0.166
0.166
0.166
0.167
0.167
0.167
0.167
0.168
0.168
0.168
0.168
0.168
0.169
0.169
0.169
0.169
0.170
0.170
0.170
0.170
0.171
0.171
0.171
0.171
0.171
Done!
CPU_TIME = 26.419685 seconds
Reading and cropping simulation data ... ok
Loading validation data set
Generating 80000 points for equations penalization
Method = uniform
Simulation data reading...
Reading flow...
0.103
0.103
0.104
0.104
0.104
0.104
0.104
0.105
0.105
0.105
0.105
0.106
0.106
0.106
0.106
0.107
0.107
0.107
0.107
0.107
0.108
0.108
0.108
0.108
0.109
0.109
0.109
0.109
0.109
0.110
0.110
0.110
0.110
0.111
0.111
0.111
0.111
0.112
0.112
0.112
0.112
0.112
0.113
0.113
0.113
0.113
0.114
0.114
0.114
0.114
0.115
0.115
0.115
0.115
0.115
0.116
0.116
0.116
0.116
0.117
0.117
0.117
0.117
0.117
0.118
0.118
0.118
0.118
0.119
0.119
0.119
0.119
0.120
0.120
0.120
0.120
0.120
0.121
0.121
0.121
0.121
0.122
0.122
0.122
0.122
0.123
0.123
0.123
0.123
0.123
0.124
0.124
0.124
0.124
0.125
0.125
0.125
0.125
0.125
0.126
0.126
0.126
0.126
0.127
0.127
0.127
0.127
0.128
0.128
0.128
0.128
0.128
0.129
0.129
0.129
0.129
0.130
0.130
0.130
0.130
0.131
0.131
0.131
0.131
0.131
0.132
0.132
0.132
0.132
0.133
0.133
0.133
0.133
0.133
0.134
0.134
0.134
0.134
0.135
0.135
0.135
0.135
0.136
0.136
0.136
0.136
0.136
0.137
0.137
0.137
0.137
0.138
0.138
0.138
0.138
0.139
0.139
0.139
0.139
0.139
0.140
0.140
0.140
0.140
0.141
0.141
0.141
0.141
0.141
0.142
0.142
0.142
0.142
0.143
0.143
0.143
0.143
0.144
0.144
0.144
0.144
0.144
0.145
0.145
0.145
0.145
0.146
0.146
0.146
0.146
0.147
0.147
0.147
0.147
0.147
0.148
0.148
0.148
0.148
0.149
0.149
0.149
0.149
0.149
0.150
0.150
0.150
0.150
0.151
0.151
0.151
0.151
0.152
0.152
0.152
0.152
0.152
0.153
0.153
0.153
0.153
0.154
0.154
0.154
0.154
0.155
0.155
0.155
0.155
0.155
0.156
0.156
0.156
0.156
0.157
0.157
0.157
0.157
0.157
0.158
0.158
0.158
0.158
0.159
0.159
0.159
0.159
0.160
0.160
0.160
0.160
0.160
0.161
0.161
0.161
0.161
0.162
0.162
0.162
0.162
0.163
0.163
0.163
0.163
0.163
0.164
0.164
0.164
0.164
0.165
0.165
0.165
0.165
0.165
0.166
0.166
0.166
0.166
0.167
0.167
0.167
0.167
0.168
0.168
0.168
0.168
0.168
0.169
0.169
0.169
0.169
0.170
0.170
0.170
0.170
0.171
0.171
0.171
0.171
0.171
Done!
CPU_TIME = 27.087662 seconds
Reading and cropping simulation data ... ok
GPU use after loading data
| ID | GPU | MEM |
------------------
|  0 |  0% | 95% |
--------------------------------------------
Start training after 266 s
Start L-BFGS-B training
Loss: 1.524e+11
Loss: 1.524e+11
Loss: 1.524e+11
Loss: 1.524e+11
Loss: 1.523e+11
Loss: 1.519e+11
Loss: 1.501e+11
Loss: 1.519e+11
Loss: 1.503e+11
Loss: 1.505e+11
Loss: 1.501e+11
Loss: 1.518e+11
Loss: 1.689e+12
Loss: 1.501e+11
Loss: 1.501e+11
Loss: 1.501e+11
Loss: 1.501e+11
Loss: 1.501e+11
Loss: 1.501e+11
Loss: 1.501e+11
Loss: 1.501e+11
Loss: 1.501e+11
Loss: 1.501e+11
Loss: 1.501e+11
Loss: 1.501e+11
Loss: 1.501e+11
Loss: 1.501e+11
Loss: 1.501e+11
Loss: 1.501e+11
Loss: 1.501e+11
Loss: 1.501e+11
L-BFGS-B training ended after 411 s
Start Adam training
Post Adam it 0 - Loss value :  1.501e+11
Post Adam it 500 - Loss value :  1.501e+11
Adam training ended after 1857 s
GPU use after training
| ID | GPU | MEM |
------------------
|  0 | 59% | 96% |
End of training
--------------------------------------------
Error details
--------------------------------------------

Border 9.551359e-17
Loss eqs. modes nan
Loss eqs. int time nan
Loss mesures training nan
Loss mesures validation nan
Saving NN Model...
Model exported in OutputPythonScript_Surrogates/ModalPINN_Ur_28_Re_93051.36_loc_cylinder_pitot_twoZones_True_sparse_True_817
Saving convergence history...
History exported in OutputPythonScript_Surrogates/ModalPINN_Ur_28_Re_93051.36_loc_cylinder_pitot_twoZones_True_sparse_True_817
Saving modes shapes...
Modes shape exported in OutputPythonScript_Surrogates/ModalPINN_Ur_28_Re_93051.36_loc_cylinder_pitot_twoZones_True_sparse_True_817
Saving comparison history...
Simulation data reading...
Reading flow...
0.103
0.103
0.104
0.104
0.104
0.104
0.104
0.105
0.105
0.105
0.105
0.106
0.106
0.106
0.106
0.107
0.107
0.107
0.107
0.107
0.108
0.108
0.108
0.108
0.109
0.109
0.109
0.109
0.109
0.110
0.110
0.110
0.110
0.111
0.111
0.111
0.111
0.112
0.112
0.112
0.112
0.112
0.113
0.113
0.113
0.113
0.114
0.114
0.114
0.114
0.115
0.115
0.115
0.115
0.115
0.116
0.116
0.116
0.116
0.117
0.117
0.117
0.117
0.117
0.118
0.118
0.118
0.118
0.119
0.119
0.119
0.119
0.120
0.120
0.120
0.120
0.120
0.121
0.121
0.121
0.121
0.122
0.122
0.122
0.122
0.123
0.123
0.123
0.123
0.123
0.124
0.124
0.124
0.124
0.125
0.125
0.125
0.125
0.125
0.126
0.126
0.126
0.126
0.127
0.127
0.127
0.127
0.128
0.128
0.128
0.128
0.128
0.129
0.129
0.129
0.129
0.130
0.130
0.130
0.130
0.131
0.131
0.131
0.131
0.131
0.132
0.132
0.132
0.132
0.133
0.133
0.133
0.133
0.133
0.134
0.134
0.134
0.134
0.135
0.135
0.135
0.135
0.136
0.136
0.136
0.136
0.136
0.137
0.137
0.137
0.137
0.138
0.138
0.138
0.138
0.139
0.139
0.139
0.139
0.139
0.140
0.140
0.140
0.140
0.141
0.141
0.141
0.141
0.141
0.142
0.142
0.142
0.142
0.143
0.143
0.143
0.143
0.144
0.144
0.144
0.144
0.144
0.145
0.145
0.145
0.145
0.146
0.146
0.146
0.146
0.147
0.147
0.147
0.147
0.147
0.148
0.148
0.148
0.148
0.149
0.149
0.149
0.149
0.149
0.150
0.150
0.150
0.150
0.151
0.151
0.151
0.151
0.152
0.152
0.152
0.152
0.152
0.153
0.153
0.153
0.153
0.154
0.154
0.154
0.154
0.155
0.155
0.155
0.155
0.155
0.156
0.156
0.156
0.156
0.157
0.157
0.157
0.157
0.157
0.158
0.158
0.158
0.158
0.159
0.159
0.159
0.159
0.160
0.160
0.160
0.160
0.160
0.161
0.161
0.161
0.161
0.162
0.162
0.162
0.162
0.163
0.163
0.163
0.163
0.163
0.164
0.164
0.164
0.164
0.165
0.165
0.165
0.165
0.165
0.166
0.166
0.166
0.166
0.167
0.167
0.167
0.167
0.168
0.168
0.168
0.168
0.168
0.169
0.169
0.169
0.169
0.170
0.170
0.170
0.170
0.171
0.171
0.171
0.171
0.171
Done!
CPU_TIME = 26.065134 seconds
Reading and cropping simulation data ... ok
Comparison history exported in OutputPythonScript_Surrogates/ModalPINN_Ur_28_Re_93051.36_loc_cylinder_pitot_twoZones_True_sparse_True_817
End of program
